          date      open      high       low   close       volume
0   2024-04-01  176.1700  176.7500  170.2100  175.22   80751684.0
1   2024-04-02  164.7500  167.6900  163.4300  166.63  115344925.0
2   2024-04-03  164.0200  168.8200  163.2800  168.38   82223543.0
3   2024-04-04  170.0700  177.1900  168.0100  171.11  122061224.0
4   2024-04-05  169.0800  170.8600  160.5100  164.90  136439809.0
5   2024-04-08  169.3400  174.5000  167.7900  172.98  104039371.0
6   2024-04-09  172.9100  179.2200  171.9200  176.88  102327658.0
7   2024-04-10  173.0400  174.9300  170.0100  171.76   84532407.0
8   2024-04-11  172.5500  175.8800  168.5100  174.60   94515987.0
9   2024-04-12  172.3400  173.8099  170.3644  171.05   64722669.0
10  2024-04-15  170.2400  170.6900  161.3800  161.48  100245310.0
11  2024-04-16  156.7420  158.1900  153.7500  157.11   96999956.0
12  2024-04-17  157.6400  158.3300  153.7800  155.45   82439718.0
13  2024-04-18  151.2500  152.2000  148.7000  149.93   96098830.0
14  2024-04-19  148.9700  150.9400  146.2200  147.05   87074500.0
15  2024-04-22  140.5600  144.4400  138.8025  142.05  107097564.0
16  2024-04-23  143.3300  147.2600  141.1100  144.68  124545104.0
17  2024-04-24  162.8400  167.9700  157.5100  162.13  181178020.0
18  2024-04-25  158.9600  170.8800  158.3600  170.18  126427521.0
19  2024-04-26  168.8500  172.1200  166.3700  168.29  109815725.0
20  2024-04-29  188.4200  198.8700  184.5400  194.05  243869678.0
21  2024-04-30  186.9800  190.9500  182.8401  183.28  127031787.0
22  2024-05-01  182.0000  185.8600  179.0100  179.99   92829719.0
23  2024-05-02  182.8600  184.6000  176.0200  180.01   89148041.0
24  2024-05-03  182.1000  184.7800  178.4200  181.19   75491539.0
25  2024-05-06  183.8000  187.5600  182.2000  184.76   84390253.0
26  2024-05-07  182.4000  183.2600  177.4000  177.81   75045854.0
27  2024-05-08  171.5900  176.0600  170.1500  174.72   79969488.0
28  2024-05-09  175.0100  175.6200  171.3700  171.97   65950292.0
29  2024-05-10  173.0500  173.0599  167.7500  168.47   72627178.0
30  2024-05-13  170.0000  175.4000  169.0000  171.89   67018903.0
31  2024-05-14  174.4959  179.4900  174.0700  177.55   86407422.0
32  2024-05-15  179.9000  180.0000  173.1100  173.99   79662993.0
33  2024-05-16  174.1000  175.7900  171.4300  174.84   59812220.0
34  2024-05-17  173.5500  179.6300  172.7500  177.46   77445845.0
35  2024-05-20  177.5600  177.7540  173.5200  174.95   61727425.0
36  2024-05-21  175.5100  186.8750  174.7100  186.60  115266512.0
37  2024-05-22  182.8500  183.8000  178.1200  180.11   88313477.0
38  2024-05-23  181.8000  181.9000  173.2600  173.74   71975496.0
39  2024-05-24  174.8350  180.0800  173.7300  179.24   65584478.0
40  2024-05-28  176.4000  178.2500  173.1600  176.75   59736620.0
41  2024-05-29  174.1900  178.1500  173.9300  176.19   54782649.0
42  2024-05-30  178.5750  182.6700  175.3800  178.79   77784755.0
43  2024-05-31  178.5000  180.3200  173.8200  178.08   67314602.0
44  2024-06-03  178.1300  182.6389  174.4900  176.29   68568920.0
45  2024-06-04  174.7750  177.7550  174.0000  174.77   60056340.0
46  2024-06-05  175.3500  176.1500  172.1300  175.00   57953756.0
47  2024-06-06  174.6000  179.7300  172.7300  177.94   69887024.0
48  2024-06-07  176.1300  179.3500  175.5800  177.48   56244932.0
49  2024-06-10  176.0600  178.5700  173.1700  173.79   50869682.0
50  2024-06-11  173.9200  174.7500  167.4100  170.66   64761928.0
51  2024-06-12  171.1200  180.5500  169.8000  177.29   90389446.0
52  2024-06-13  188.3900  191.0800  181.2300  182.47  118984122.0
53  2024-06-14  185.8000  186.0000  176.9200  178.01   82038194.0
54  2024-06-17  177.9200  188.8100  177.0000  187.44  109786083.0
55  2024-06-18  186.5600  187.2000  182.3700  184.86   68982265.0
56  2024-06-20  184.6800  185.2100  179.6600  181.57   55893139.0
57  2024-06-21  182.3000  183.9500  180.6900  183.01   63029482.0
58  2024-06-24  184.9700  188.8000  182.5500  182.58   61992070.0
59  2024-06-25  184.4000  187.9700  182.0100  187.35   63678265.0
60  2024-06-26  186.5400  197.7550  186.3600  196.37   95737066.0
61  2024-06-27  195.1700  198.7200  194.0500  197.42   72746521.0
62  2024-06-28  199.5500  203.2000  195.2600  197.88   95438068.0
63  2024-07-01  201.0200  213.2300  200.8500  209.86  135691395.0
64  2024-07-02  218.8900  231.3000  218.0600  231.26  205047920.0
65  2024-07-03  234.5600  248.3500  234.2500  246.39  166561471.0
66  2024-07-05  249.8100  252.3700  242.4601  251.52  154501152.0
67  2024-07-08  247.7100  259.4390  244.5700  252.94  157219580.0
68  2024-07-09  251.0000  265.6100  250.3000  262.33  160742516.0
69  2024-07-10  262.8000  267.5900  257.8600  263.26  128519430.0
70  2024-07-11  263.3000  271.0000  239.6500  241.03  221707273.0
71  2024-07-12  235.8000  251.8400  233.0912  248.23  155955773.0
72  2024-07-15  255.9700  265.6000  251.7300  252.64  146912920.0
73  2024-07-16  255.3100  258.6200  245.8001  256.56  126332470.0
74  2024-07-17  252.7300  258.4700  246.1820  248.50  115584810.0
75  2024-07-18  251.0900  257.1400  247.2000  249.23  110869037.0
76  2024-07-19  247.7900  249.4400  236.8300  239.20   87403903.0
77  2024-07-22  244.2100  253.2100  243.7500  251.51  101225430.0
78  2024-07-23  253.6000  255.7594  245.6300  246.38  111928192.0
79  2024-07-24  225.4200  225.9900  214.7100  215.99  167942939.0
80  2024-07-25  216.8000  226.0000  216.2310  220.25  100636466.0
81  2024-07-26  221.1900  222.2799  215.3300  219.80   94604145.0
82  2024-07-29  224.9000  234.2700  224.7000  232.10  129201789.0
83  2024-07-30  232.2500  232.4100  220.0000  222.62  100560334.0
84  2024-07-31  227.9000  234.6800  226.7875  232.07   67497011.0
85  2024-08-01  227.6900  231.8670  214.3328  216.86   83861898.0
86  2024-08-02  214.8800  216.1300  205.7800  207.67   82880120.0
87  2024-08-05  185.2200  203.8799  182.0000  198.88  100308836.0
88  2024-08-06  200.7500  202.9000  192.6700  200.64   73783942.0
89  2024-08-07  200.7700  203.4900  191.4800  191.76   71159778.0
90  2024-08-08  195.7000  200.7000  192.0400  198.84   65033874.0
91  2024-08-09  197.0500  200.8800  195.1100  200.00   58648274.0
92  2024-08-12  199.0200  199.2600  194.6700  197.49   64044903.0
93  2024-08-13  198.4700  208.4900  197.0600  207.83   76247387.0
94  2024-08-14  207.3900  208.4400  198.7500  201.38   70250014.0
95  2024-08-15  205.0200  215.8800  204.8200  214.14   89848530.0
96  2024-08-16  211.1500  219.8000  210.8000  216.12   88765122.0
97  2024-08-19  217.0700  222.9800  214.0900  222.72   76435222.0
98  2024-08-20  224.8800  228.2200  219.5600  221.10   74001182.0
99  2024-08-21  222.6700  224.6594  218.8600  223.27   70145964.0
100 2024-08-22  223.8200  224.8000  210.3200  210.66   79514482.0
101 2024-08-23  214.4550  221.4800  214.2100  220.32   81525207.0
102 2024-08-26  218.7500  219.0900  211.0100  213.21   59301187.0
103 2024-08-27  213.2500  215.6600  206.9400  209.21   62821390.0
104 2024-08-28  209.7200  211.8400  202.5900  205.75   64116350.0
105 2024-08-29  209.8000  214.8900  205.9700  206.28   62308818.0
106 2024-08-30  208.6300  214.5701  207.0300  214.11   63370608.0
107 2024-09-03  215.2600  219.9043  209.6400  210.60   76714222.0
108 2024-09-04  210.5900  222.2200  210.5700  219.41   80217329.0
109 2024-09-05  223.4900  235.0000  222.2500  230.17  119355013.0
110 2024-09-06  232.6000  233.6000  210.5100  210.73  112177004.0
111 2024-09-09  216.2000  219.8700  213.6700  216.27   67443518.0
112 2024-09-10  220.0700  226.4000  218.6377  226.17   78891136.0
113 2024-09-11  224.5500  228.4700  216.8003  228.13   83548633.0
114 2024-09-12  224.6600  231.4500  223.8300  229.81   72020042.0
115 2024-09-13  228.0000  232.6700  226.3200  230.29   59515114.0
116 2024-09-16  229.3000  229.9600  223.5300  226.78   54322995.0
117 2024-09-17  229.4500  234.5700  226.5533  227.87   66761636.0
118 2024-09-18  230.0900  235.6800  226.8800  227.20   78010204.0
119 2024-09-19  234.0000  244.2400  232.1300  243.92  102694576.0
120 2024-09-20  241.5200  243.9900  235.9200  238.25   99879070.0
121 2024-09-23  242.6100  250.0000  241.9200  250.00   86927194.0
122 2024-09-24  254.0800  257.1900  249.0501  254.27   88490999.0
123 2024-09-25  252.5400  257.0500  252.2800  257.02   65034318.0
124 2024-09-26  260.6000  261.7500  251.5300  254.22   67142193.0
125 2024-09-27  257.3750  260.6999  254.1200  260.46   70988067.0
126 2024-09-30  259.0400  264.8600  255.7700  261.63   80873381.0
127 2024-10-01  262.6700  263.9800  248.5300  258.02   87397613.0
128 2024-10-02  247.5500  251.1585  241.5000  249.02   93983930.0
129 2024-10-03  244.4800  249.7900  237.8100  240.66   80729240.0
130 2024-10-04  246.6900  250.9600  244.5800  250.08   86726285.0
131 2024-10-07  249.0000  249.8300  240.7000  240.83   68113270.0
132 2024-10-08  243.5600  246.2100  240.5600  244.50   56303160.0
133 2024-10-09  243.8200  247.4300  239.5100  241.05   66289529.0
134 2024-10-10  241.8100  242.7899  232.3400  238.77   83087063.0
135 2024-10-11  220.1300  223.3400  214.3800  217.80  142628874.0
136 2024-10-14  220.1300  221.9100  213.7400  219.16   86291923.0
137 2024-10-15  220.0100  224.2600  217.1200  219.57   62988787.0
138 2024-10-16  221.4000  222.8199  218.9300  221.33   49632824.0
139 2024-10-17  221.5900  222.0800  217.9000  220.89   50791784.0
140 2024-10-18  220.7100  222.2800  219.2300  220.70   49611867.0
141 2024-10-21  218.9000  220.4800  215.7260  218.85   47328988.0
142 2024-10-22  217.3100  218.2200  215.2600  217.97   43268741.0
143 2024-10-23  217.1250  218.7200  212.1100  213.65   80938892.0
144 2024-10-24  244.6800  262.1199  242.6500  260.48  204491903.0
145 2024-10-25  256.0100  269.4900  255.3200  269.19  161611931.0
146 2024-10-28  270.0000  273.5360  262.2400  262.51  107653603.0
147 2024-10-29  264.5100  264.9800  255.5100  259.52   80521751.0
148 2024-10-30  258.0350  263.3500  255.8201  257.55   53993576.0
149 2024-10-31  257.9900  259.7500  249.2500  249.85   66575292.0
150 2024-11-01  252.0430  254.0000  246.6300  248.98   57544757.0
151 2024-11-04  244.5600  248.9000  238.8800  242.84   68802354.0
152 2024-11-05  247.3400  255.2799  246.2101  251.44   69282505.0
153 2024-11-06  284.6700  289.5900  275.6200  288.53  165228710.0
154 2024-11-07  288.8900  299.7500  285.5200  296.91  117309232.0
155 2024-11-08  299.1400  328.7100  297.6600  321.22  204782763.0
156 2024-11-11  346.3000  358.6400  336.0000  350.00  210521625.0
157 2024-11-12  342.7400  345.8400  323.3100  328.49  155726016.0
158 2024-11-13  335.8500  344.5999  322.5000  330.24  125405599.0
159 2024-11-14  327.6900  329.9800  310.3700  311.18  120726109.0
160 2024-11-15  310.5700  324.6799  309.2200  320.72  114440286.0
161 2024-11-18  340.7300  348.5499  330.0100  338.74  126547455.0
162 2024-11-19  335.7600  347.3799  332.7500  346.00   88852452.0
163 2024-11-20  345.0000  346.5999  334.3000  342.03   66340650.0
164 2024-11-21  343.8100  347.9899  335.2800  339.64   58011719.0
165 2024-11-22  341.0850  361.5300  337.7000  352.56   89140722.0
166 2024-11-25  360.1400  361.9300  338.2000  338.59   95890899.0
167 2024-11-26  341.0000  346.9600  335.6600  338.23   62295857.0
168 2024-11-27  341.8000  342.5500  326.5900  332.89   57896439.0
169 2024-11-29  336.0800  345.4500  334.6500  345.16   37167621.0
170 2024-12-02  352.3800  360.0000  351.1501  357.09   77986478.0
171 2024-12-03  351.8000  355.6900  348.2000  351.42   58267196.0
172 2024-12-04  353.0000  358.1000  348.6000  357.93   50810874.0
173 2024-12-05  359.8700  375.4300  359.5000  369.49   81403569.0
174 2024-12-06  377.4200  389.4900  370.8000  389.22   81455834.0
175 2024-12-09  397.6100  404.8000  378.0100  389.79   96359173.0
176 2024-12-10  392.6800  409.7300  390.8500  400.99   97563578.0
177 2024-12-11  409.7000  424.8800  402.3800  424.77  104287559.0
178 2024-12-12  424.8400  429.3000  415.0000  418.10   87752225.0
179 2024-12-13  420.0000  436.3000  415.7100  436.23   89000158.0
180 2024-12-16  441.0900  463.1900  436.1500  463.02  114083811.0
181 2024-12-17  475.9000  483.9900  457.5101  479.86  131222978.0
182 2024-12-18  466.4950  488.5399  427.0100  440.13  149340788.0
183 2024-12-19  451.8800  456.3600  420.0200  436.17  118566146.0
184 2024-12-20  425.5050  447.0800  417.6400  421.06  132216176.0
185 2024-12-23  431.0000  434.5100  415.4112  430.60   72698055.0
186 2024-12-24  435.9000  462.7800  435.1400  462.28   59551750.0
187 2024-12-26  465.1600  465.3299  451.0200  454.13   76651210.0
188 2024-12-27  449.5200  450.0000  426.5000  431.66   82666821.0
189 2024-12-30  419.4000  427.0000  415.7500  417.41   64941012.0
190 2024-12-31  423.7900  427.9300  402.5400  403.84   76825121.0
191 2025-01-02  390.1000  392.7299  373.0400  379.28  109710749.0
192 2025-01-03  381.4800  411.8799  379.4500  410.44   95423329.0
193 2025-01-06  423.2000  426.4300  401.7000  411.05   85516534.0
194 2025-01-07  405.8300  414.3300  390.0000  394.36   75699525.0
195 2025-01-08  392.9500  402.4999  387.4000  394.94   73038805.0
196 2025-01-10  391.4000  399.2800  377.2900  394.74   62287333.0
197 2025-01-13  383.2100  403.7900  380.0700  403.31   67580494.0
198 2025-01-14  414.3400  422.6400  394.5400  396.36   84565022.0
199 2025-01-15  409.9000  429.8000  405.6610  428.22   81375460.0
200 2025-01-16  423.4900  424.0000  409.1300  413.82   68335151.0
201 2025-01-17  421.5000  439.7400  419.7500  426.50   94991429.0
202 2025-01-21  432.6400  433.2000  406.3100  424.07   87320894.0
203 2025-01-22  416.8100  428.0000  414.5900  415.11   60963342.0
204 2025-01-23  416.0600  420.7300  408.9500  412.38   50690592.0
205 2025-01-24  414.4500  418.8800  405.7800  406.58   56427149.0
206 2025-01-27  394.8000  406.6900  389.0000  397.15   58125510.0
207 2025-01-28  396.9100  400.5900  386.5000  398.09   48910676.0
208 2025-01-29  395.2100  398.5899  384.4800  389.10   68033648.0
209 2025-01-30  410.7800  412.5000  384.4100  400.28   98092879.0
210 2025-01-31  401.5300  419.9900  401.3400  404.60   83568219.0
211 2025-02-03  386.6800  389.1700  374.3600  383.68   93732122.0
212 2025-02-04  382.6300  394.0000  381.4000  392.21   57072235.0
213 2025-02-05  387.5100  388.3900  375.5300  378.17   57614721.0
214 2025-02-06  373.0300  375.4000  363.1800  374.32   77918230.0
215 2025-02-07  370.1900  380.5459  360.3400  361.62   70298258.0
216 2025-02-10  356.2100  362.7000  350.5100  350.73   77514903.0
217 2025-02-11  345.8000  349.3700  325.1000  328.50  118543400.0
218 2025-02-12  329.9400  346.4000  329.1200  336.51  105382729.0
219 2025-02-13  345.0000  358.6900  342.8500  355.94   89441519.0
220 2025-02-14  360.6200  362.0000  347.5000  355.84   68277279.0
221 2025-02-18  355.0100  359.1000  350.0200  354.11   51631702.0
222 2025-02-19  354.0000  367.3400  353.6700  360.56   67094374.0
223 2025-02-20  361.5100  362.3000  348.0000  354.40   45965354.0
224 2025-02-21  353.4400  354.9800  334.4200  337.80   74058648.0
225 2025-02-24  338.1400  342.3973  324.7000  330.53   76052321.0
226 2025-02-25  327.0250  328.8900  297.2512  302.80  134228777.0
227 2025-02-26  303.7150  309.0000  288.0400  290.80  100118276.0
228 2025-02-27  291.1600  297.2300  280.8800  281.95  101748197.0
229 2025-02-28  279.5000  293.8800  273.6000  292.98  115696968.0
230 2025-03-03  300.3400  303.9400  277.3000  284.65  115551414.0
231 2025-03-04  270.9300  284.3500  261.8401  272.04  126706623.0
232 2025-03-05  272.9200  279.5500  267.7100  279.10   94042913.0
233 2025-03-06  272.0600  272.6500  260.0200  263.45   98451566.0
234 2025-03-07  259.3200  266.2499  250.7300  262.67  102369640.0
235 2025-03-10  252.5400  253.3700  220.0000  222.15  185037825.0
236 2025-03-11  225.3050  237.0649  217.0200  230.58  174896415.0
237 2025-03-12  247.2200  251.8400  241.1000  248.09  142215681.0
238 2025-03-13  248.1250  248.2900  232.6000  240.68  114813525.0
239 2025-03-14  247.3100  251.5800  240.7300  249.98  100242264.0
240 2025-03-17  245.0550  245.4000  232.8000  238.01  111900565.0
241 2025-03-18  228.1550  230.1000  222.2800  225.31  111477636.0
242 2025-03-19  231.6100  241.4100  229.2010  235.86  111993753.0
243 2025-03-20  233.3450  238.0000  230.0501  236.26   99028270.0
244 2025-03-21  234.9850  249.5200  234.5500  248.71  132728684.0
245 2025-03-24  258.0750  278.6400  256.3300  278.39  169079865.0
246 2025-03-25  283.6000  288.2000  271.2800  288.14  150361538.0
247 2025-03-26  282.6600  284.9000  266.5100  272.06  156254441.0
248 2025-03-27  272.4800  291.8500  271.8216  273.13  162572146.0
249 2025-03-28  275.5750  276.1000  260.5700  263.55  123809389.0
250 2025-03-31  249.3100  260.5600  243.3601  259.16  134008936.0
251 2025-04-01  263.8000  277.4500  259.2500  268.46  146486911.0
252 2025-04-02  254.6000  284.9900  251.2700  282.76  212787817.0
253 2025-04-03  265.2900  276.3000  261.5100  267.28  136174291.0
254 2025-04-04  255.3800  261.0000  236.0000  239.43  181229353.0
255 2025-04-07  223.7800  252.0000  214.2500  233.29  183453776.0
256 2025-04-08  245.0000  250.4400  217.8000  221.86  171603472.0
257 2025-04-09  224.6900  274.6900  223.8800  272.20  219433373.0
